sample	referenceName	referenceRC	referenceLen	pos	to	fromA	fromG	fromC	fromT	bgMinorMigFreq	bgMinorReadFreq	sumAtPosMig	sumAtPosRead	sumAtPosCqs	sumAtPosPhred	minorReadCoverage	minorMigCount	majorMigCount	minorReadCount	majorReadCount	accumulatedReadCount
1_11	SPIKE1	FALSE	92	4	A	0	0.999755561	0	2.44E-04	0.108059693	2.48E-04	4092	2648584	159986	27602	792	504	1	651	562	0
1_11	SPIKE1	FALSE	92	4	T	2.44E-04	0.999755561	0	0	0.019633348	3.24E-05	4092	2648584	159986	27602	792	83	1	84	269	0
1_11	SPIKE1	FALSE	92	5	A	0	0	0.999755561	2.44E-04	0.022209879	4.59E-05	4092	2648584	159964	47405	1310	129	1	136	707	1
1_11	SPIKE1	FALSE	92	5	T	2.44E-04	0	0.999755561	0	0.128840455	3.00E-04	4092	2648584	159964	47405	1310	784	1	1149	264	0
1_11	SPIKE1	FALSE	92	6	A	0	0	1	0	0.022210175	4.59E-05	4092	2648584	160084	25017	704	98	1	254	89	0
1_11	SPIKE1	FALSE	92	7	A	0	1	0	0	0.10808098	2.48E-04	4092	2648584	160098	28391	761	442	1	689	387	1
1_11	SPIKE1	FALSE	92	10	A	0	0	1	0	0.022210175	4.59E-05	4092	2648584	160090	15241	436	116	1	121	42	0
1_11	SPIKE1	FALSE	92	13	A	0	1	0	0	0.10808098	2.48E-04	4092	2648584	159850	18004	500	294	1	386	638	0
1_11	SPIKE1	FALSE	92	15	A	0	1	0	0	0.10808098	2.48E-04	4092	2648584	160012	13702	375	237	2	290	1218	2
1_11	SPIKE1	FALSE	92	20	A	0	1	0	0	0.10808098	2.48E-04	4092	2648584	159988	24909	688	374	2	555	1007	1
1_11	SPIKE1	FALSE	92	25	A	0	0	1	0	0.022210175	4.59E-05	4092	2648584	159953	19934	585	99	1	104	600	3
1_11	SPIKE1	FALSE	92	29	A	0	1	0	0	0.10808098	2.48E-04	4092	2648584	159889	19335	561	335	3	452	973	1
1_11	SPIKE1	FALSE	92	34	A	0	0.999755561	0	2.44E-04	0.108059693	2.48E-04	4092	2648584	159822	26326	816	433	1	553	500	1
1_11	SPIKE1	FALSE	92	34	T	2.44E-04	0.999755561	0	0	0.019633348	3.24E-05	4092	2648584	159822	26326	816	229	1	250	746	1
1_11	SPIKE1	FALSE	92	38	G	1	0	0	0	0.10808098	2.48E-04	4092	2648584	159830	30044	934	627	1	848	597	1
1_11	SPIKE1	FALSE	92	43	A	0	1	0	0	0.10808098	2.48E-04	4092	2648584	159803	39489	1213	529	2	1088	372	1
1_11	SPIKE1	FALSE	92	44	A	0	0	1	0	0.022210175	4.59E-05	4092	2648584	159795	41913	1278	63	1	68	918	1
1_11	SPIKE1	FALSE	92	46	A	0	0	1	0	0.022210175	4.59E-05	4092	2648584	159796	30469	924	154	1	242	409	0
1_11	SPIKE1	FALSE	92	48	A	0	0	1	0	0.022210175	4.59E-05	4092	2648584	159856	27620	817	103	1	165	670	3
1_11	SPIKE1	FALSE	92	55	A	0	1	0	0	0.10808098	2.48E-04	4092	2648584	160007	30086	831	479	1	677	583	1
1_11	SPIKE1	FALSE	92	57	G	1	0	0	0	0.10808098	2.48E-04	4092	2648584	160045	15566	453	311	1	362	1585	6
1_11	SPIKE1	FALSE	92	61	A	0	1	0	0	0.10808098	2.48E-04	4092	2648584	160016	25902	725	372	1	521	36	0
1_11	SPIKE1	FALSE	92	62	T	0	1	0	0	0.019633014	3.24E-05	4092	2648584	160023	28531	796	128	1	131	449	0
1_11	SPIKE1	FALSE	92	64	A	0	1	0	0	0.10808098	2.48E-04	4092	2648584	159959	26325	774	335	1	553	451	0
1_11	SPIKE1	FALSE	92	68	A	0	0	1	0	0.022210175	4.59E-05	4092	2648584	159874	16905	478	45	2	49	487	19
1_11	SPIKE1	FALSE	92	72	A	0	0	1	0	0.022210175	4.59E-05	4092	2648584	159921	31409	847	47	2	47	335	6
1_11	SPIKE1	FALSE	92	74	T	0	0	1	0	0.128866822	3.00E-04	4092	2648584	159874	42797	1133	409	1	505	350	4
1_11	SPIKE1	FALSE	92	77	T	0	1	0	0	0.019633014	3.24E-05	4092	2648584	159942	24402	685	126	1	130	511	0
1_11	SPIKE1	FALSE	92	79	A	0	1	0	0	0.10808098	2.48E-04	4092	2648584	159930	24505	685	309	2	397	1559	110
1_11	SPIKE1	FALSE	92	82	A	0	0.999511122	0	4.89E-04	0.108038407	2.48E-04	4092	2648584	159842	32089	1040	320	1	425	1004	3
1_11	SPIKE1	FALSE	92	82	T	2.44E-04	0.999755501	0	0	0.019633348	3.24E-05	4092	2648584	159842	32089	1040	313	2	357	1054	5
1_11	SPIKE1	FALSE	92	83	A	0	0	1	0	0.022210175	4.59E-05	4092	2648584	159900	42297	1132	56	1	56	458	4
1_11	SPIKE1	FALSE	92	84	T	0	0	1	0	0.128866822	3.00E-04	4092	2648584	159835	15531	430	282	2	343	922	5
1_11	SPIKE1	FALSE	92	88	G	0.999755561	0	2.44E-04	0	0.108057634	2.48E-04	4092	2648584	160340	47006	1329	725	1	1007	520	4
1_11	SPIKE1	FALSE	92	88	C	0.999755561	2.44E-04	0	0	0.02220782	4.59E-05	4092	2648584	160340	47006	1329	143	1	154	427	1
1_11	SPIKE1	FALSE	92	89	A	0	1	0	0	0.10808098	2.48E-04	4092	2648584	160430	26392	768	303	1	388	622	4
1_11	SPIKE1	FALSE	92	90	A	0	1	0	0	0.10808098	2.48E-04	4092	2648584	160521	22870	643	343	2	463	1734	9
1_11	SPIKE1	FALSE	92	91	A	0	0.999755501	0	2.44E-04	0.108059688	2.48E-04	4092	2648584	160368	28267	811	298	2	403	646	5
1_11	SPIKE1	FALSE	92	91	T	4.89E-04	0.999511122	0	0	0.019633681	3.24E-05	4092	2648584	160368	28267	811	164	1	189	728	6
1_12	SPIKE1	FALSE	92	6	A	0	0	1	0	0.059259498	5.03E-05	675	1226131	26346	11794	335	49	1	51	1586	2
1_12	SPIKE1	FALSE	92	31	C	1	0	0	0	0.059259498	5.03E-05	675	1226131	26323	26081	792	10	1	10	129	0
1_12	SPIKE1	FALSE	92	47	A	0	0	1	0	0.059259498	5.03E-05	675	1226131	26329	16907	485	44	1	102	1155	122
1_12	SPIKE1	FALSE	92	55	A	0	1	0	0	0.30016119	3.36E-04	675	1226131	26344	16236	440	223	1	365	696	2
1_12	SPIKE1	FALSE	92	68	A	0	0	1	0	0.059259498	5.03E-05	675	1226131	26338	12074	330	31	1	32	4681	6
1_12	SPIKE1	FALSE	92	82	A	0	1	0	0	0.30016119	3.36E-04	675	1226131	26339	15582	498	132	1	205	975	0
1_13	SPIKE1	FALSE	92	48	A	0	0	1	0	0.069557225	4.89E-05	821	1776507	32138	29849	861	57	1	321	1235	1
1_13	SPIKE1	FALSE	92	51	T	0	0	1	0	0.338490113	3.90E-04	821	1776507	32176	10012	282	153	1	222	190	0
1_13	SPIKE1	FALSE	92	61	A	0	1	0	0	0.305647261	3.28E-04	821	1776507	32179	20675	568	239	1	423	2613	3
1_13	SPIKE1	FALSE	92	75	G	1	0	0	0	0.305647261	3.28E-04	821	1776507	32174	47270	1247	387	1	1121	126	1
1_14	SPIKE1	FALSE	92	18	C	0	0	0	1	0.386787523	3.88E-04	726	1697873	28339	55353	1462	449	1	1316	11	0
1_14	SPIKE1	FALSE	92	32	A	0	1	0	0	0.348870601	3.36E-04	726	1697873	28321	12949	386	202	1	324	11	0
1_14	SPIKE1	FALSE	92	38	G	1	0	0	0	0.348870601	3.36E-04	726	1697873	28322	26610	816	308	1	753	967	0
1_14	SPIKE1	FALSE	92	54	A	0	0	1	0	0.072999399	4.08E-05	726	1697873	28335	20695	562	31	1	31	1333	77
1_15	SPIKE1	FALSE	92	17	A	0	0	1	0	0.08124699	7.45E-05	603	1609878	23534	15338	456	83	1	96	245	0
1_15	SPIKE1	FALSE	92	20	A	0	1	0	0	0.393775432	3.27E-04	603	1609878	23537	17124	465	215	1	395	111	0
1_15	SPIKE1	FALSE	92	40	A	0	0	1	0	0.08124699	7.45E-05	603	1609878	23508	151682	4521	59	1	63	4060	8
1_16	SPIKE1	FALSE	92	68	A	0	0	1	0	0.029448216	3.49E-05	290	255044	11319	1286	35	2	1	2	362	0
1_16	SPIKE1	FALSE	92	74	A	0	0	1	0	0.029448216	3.49E-05	290	255044	11320	1794	51	4	1	4	580	1
1_18	SPIKE1	FALSE	92	51	A	0	0	1	0	0.056404361	4.16E-05	365	638631	14250	5693	157	11	1	13	712	2
1_19	SPIKE1	FALSE	92	85	A	0	0	1	0	0.065843622	1.09E-04	538	1105689	21087	9970	265	24	1	44	906	2
1_20	SPIKE1	FALSE	92	55	A	0	1	0	0	0.378361955	3.40E-04	346	696909	13507	10403	288	152	1	241	2221	3
1_21	SPIKE1	FALSE	92	2	A	0	0	1	0	0.084021589	6.87E-05	440	1163983	17158	21137	620	75	1	88	115	13
1_21	SPIKE1	FALSE	92	10	A	0	0	1	0	0.084021589	6.87E-05	440	1163983	17173	8526	242	51	1	57	1539	2
1_21	SPIKE1	FALSE	92	43	A	0	1	0	0	0.420483407	3.74E-04	440	1163983	17174	16099	492	227	1	419	2699	8
1_21	SPIKE1	FALSE	92	61	A	0	1	0	0	0.420483407	3.74E-04	440	1163983	17178	16670	455	166	1	339	1092	0
1_21	SPIKE1	FALSE	92	72	A	0	0	1	0	0.084021589	6.87E-05	440	1163983	17178	11330	306	24	1	26	1092	18
1_21	SPIKE1	FALSE	92	88	G	1	0	0	0	0.420483407	3.74E-04	440	1163983	17182	28821	788	262	1	634	28	0
1_21	SPIKE1	FALSE	92	91	A	0	1	0	0	0.420483407	3.74E-04	440	1163983	17181	13265	377	148	1	230	668	1
1_22	SPIKE1	FALSE	92	19	A	0	1	0	0	0.39612955	3.54E-04	388	810461	15143	10272	273	102	1	243	1955	2
1_23	SPIKE1	FALSE	92	88	G	1	0	0	0	0.293769526	2.51E-04	7	21165	274	446	13	2	1	8	4163	2
2_1	SPIKE1	FALSE	92	57	G	1	0	0	0	0.351615232	2.96E-04	414	864160	16159	5450	154	95	1	124	514	0
2_1	SPIKE1	FALSE	92	73	T	0	0	1	0	0.389575529	4.00E-04	414	864160	16154	12116	328	139	1	247	990	0
2_10	SPIKE1	FALSE	92	63	C	0	0	0	1	0.491290496	4.13E-04	335	1015994	13081	48963	1326	275	1	1251	10	0
2_10	SPIKE1	FALSE	92	88	G	1	0	0	0	0.446286014	3.22E-04	335	1015994	13083	21790	605	203	1	454	6720	6
2_2	SPIKE1	FALSE	92	34	A	0	1	0	0	0.337403808	3.02E-04	483	935604	18842	18039	546	205	1	394	1114	0
2_2	SPIKE1	FALSE	92	48	A	0	0	1	0	0.06738262	4.15E-05	483	935604	18845	11927	348	35	1	68	3087	3
2_27	SPIKE1	FALSE	92	9	T	0	0	1	0	0.409561467	2.59E-04	10	28367	390	286	9	2	4	5	13382	2
2_27	SPIKE1	FALSE	92	66	T	0	0	1	0	0.409561467	2.59E-04	10	28367	390	175	5	1	4	1	13382	2
2_28	SPIKE1	FALSE	92	17	A	0	0	1	0	0.060840083	8.08E-05	600	966086	23413	9565	302	100	1	114	334	1
2_28	SPIKE1	FALSE	92	20	A	0	1	0	0	0.307275168	2.99E-04	600	966086	23421	15668	432	237	1	352	149	0
2_28	SPIKE1	FALSE	92	40	A	0	0	1	0	0.060840083	8.08E-05	600	966086	23388	65660	1951	46	1	48	1669	1
2_3	SPIKE1	FALSE	92	27	A	0	1	0	0	0.314590647	3.30E-04	989	1636495	38600	17758	504	273	1	396	1967	0
2_3	SPIKE1	FALSE	92	28	A	0	1	0	0	0.314590647	3.30E-04	989	1636495	38599	16439	474	278	1	359	1913	2
2_3	SPIKE1	FALSE	92	39	A	0	1	0	0	0.314590647	3.30E-04	989	1636495	38593	31315	939	302	1	746	2922	5
2_3	SPIKE1	FALSE	92	58	C	0	0	0	1	0.358848518	4.05E-04	989	1636495	38611	20107	550	322	1	441	1272	3
2_4	SPIKE1	FALSE	92	37	A	0	0	1	0	0.060151508	4.27E-05	402	665065	15687	6735	207	26	1	27	1336	44
2_4	SPIKE1	FALSE	92	51	A	0	0	1	0	0.060151508	4.27E-05	402	665065	15693	3201	90	7	1	7	1479	3
2_4	SPIKE1	FALSE	92	83	A	0	0	1	0	0.060151508	4.27E-05	402	665065	15669	33707	882	13	1	13	1306	1
2_4	SPIKE1	FALSE	92	86	C	0	0	0	1	0.352516157	4.11E-04	402	665065	15693	11371	314	146	1	215	1306	3
2_5	SPIKE1	FALSE	92	27	A	0	1	0	0	0.225067295	2.81E-04	329	386685	12844	3881	111	62	1	90	486	0
2_7	SPIKE1	FALSE	92	10	A	0	0	1	0	0.139030256	4.10E-05	421	1691833	16435	12266	334	60	1	71	1988	1
2_7	SPIKE1	FALSE	92	12	A	0	1	0	0	0.509804278	3.32E-04	421	1691833	16432	25984	701	187	1	612	541	0
2_7	SPIKE1	FALSE	92	68	A	0	0	1	0	0.139030256	4.10E-05	421	1691833	16430	23889	742	151	1	205	3237	5
2_8	SPIKE1	FALSE	92	48	A	0	0	1	0	0.063165473	7.24E-05	398	680158	15538	8193	240	23	1	50	1560	2
2_8	SPIKE1	FALSE	92	88	G	1	0	0	0	0.300989317	2.96E-04	398	680158	15547	15006	419	181	1	326	2045	1
2_9	SPIKE1	FALSE	92	73	A	0	0	1	0	0.130157933	9.92E-05	431	1651893	16813	33545	901	83	1	429	3321	15
2_9	SPIKE1	FALSE	92	83	A	0	0	1	0	0.130157933	9.92E-05	431	1651893	16819	30444	805	52	1	55	1888	4
2_9	SPIKE1	FALSE	92	90	A	0	1	0	0	0.489259524	3.48E-04	431	1651893	16829	17519	481	183	1	353	3215	4
3_11	SPIKE1	FALSE	92	17	A	0	0	1	0	0.114638662	4.95E-05	355	1217664	13952	16177	486	90	1	169	5	0
3_11	SPIKE1	FALSE	92	29	A	0	1	0	0	0.33227557	3.24E-04	355	1217664	13956	15872	451	100	1	348	15124	27
3_12	SPIKE1	FALSE	92	41	G	1	0	0	0	0.365221658	3.40E-04	247	513176	9642	6450	198	109	1	184	1289	2
3_13	SPIKE1	FALSE	92	33	A	0	0	1	0	0.138567578	4.47E-05	302	1199454	11810	21049	635	77	1	100	8108	5
3_13	SPIKE1	FALSE	92	86	C	0	0	0	1	0.501234583	3.92E-04	302	1199454	11819	17747	474	153	1	365	401	0
3_13	SPIKE1	FALSE	92	88	G	1	0	0	0	0.459040005	2.98E-04	302	1199454	11828	25486	677	179	1	590	2455	2
3_18	SPIKE1	FALSE	92	68	T	0	0	1	0	0.343075089	3.24E-04	182	326572	7109	2414	65	31	1	41	1933	4
3_18	SPIKE1	FALSE	92	85	T	0	0	1	0	0.343075089	3.24E-04	182	326572	7110	3172	87	52	1	68	2153	1
3_19	SPIKE1	FALSE	92	20	A	0	1	0	0	0.224101263	2.62E-04	162	206774	6335	2289	63	32	1	44	464	1
3_19	SPIKE1	FALSE	92	37	A	0	0	1	0	0.0531482	4.60E-05	162	206774	6327	1836	56	8	1	8	464	1
3_19	SPIKE1	FALSE	92	44	G	0	0	1	0	0.028465601	2.31E-05	162	206774	6328	3715	112	1	1	1	795	1
3_19	SPIKE1	FALSE	92	46	A	0	0	1	0	0.0531482	4.60E-05	162	206774	6328	1250	37	7	1	7	1840	0
3_19	SPIKE1	FALSE	92	88	G	1	0	0	0	0.224101263	2.62E-04	162	206774	6343	3555	94	46	1	81	1833	3
3_20	SPIKE1	FALSE	92	33	A	0	0	1	0	0.168233419	4.77E-05	208	1039756	8134	17648	529	65	1	95	2978	1
3_20	SPIKE1	FALSE	92	59	A	0	1	0	0	0.516270446	2.71E-04	208	1039756	8137	10621	284	91	1	191	2335	4
3_20	SPIKE1	FALSE	92	89	A	0	1	0	0	0.516270446	2.71E-04	208	1039756	8137	13267	372	92	1	193	5932	6
3_21	SPIKE1	FALSE	92	17	A	0	0	1	0	0.074959979	4.62E-05	164	314674	6412	2717	81	26	1	33	111	3
3_22	SPIKE1	FALSE	92	13	A	0	1	0	0	0.291206567	2.44E-04	197	339947	7698	2646	72	38	1	56	12	0
3_22	SPIKE1	FALSE	92	70	A	0	0	1	0	0.072333006	4.56E-05	197	339947	7695	3155	85	12	1	13	5	0
3_22	SPIKE1	FALSE	92	88	G	1	0	0	0	0.291206567	2.44E-04	197	339947	7699	5083	139	72	3	104	3918	3
3_23	SPIKE1	FALSE	92	67	T	0	0	1	0	0.302541563	3.12E-04	7	8981	273	239	6	2	3	2	3711	4
3_28	SPIKE1	FALSE	92	17	A	0	0	1	0	0.047348388	8.46E-05	792	895587	31026	12958	410	136	1	170	323	0
3_28	SPIKE1	FALSE	92	20	A	0	1	0	0	0.223666378	3.03E-04	792	895587	31052	8737	236	144	1	193	114	0
3_28	SPIKE1	FALSE	92	29	A	0	1	0	0	0.223666378	3.03E-04	792	895587	31042	9513	271	149	1	221	129	0
3_28	SPIKE1	FALSE	92	40	A	0	0	1	0	0.047348388	8.46E-05	792	895587	31003	60003	1775	44	1	45	1514	0
4_1	SPIKE1	FALSE	92	7	A	0	1	0	0	0.305991232	3.23E-04	646	1102112	25252	14465	378	187	1	315	1471	0
4_1	SPIKE1	FALSE	92	24	A	0	0	1	0	0.069848008	5.92E-05	646	1102112	25233	16426	486	82	1	89	1277	137
4_1	SPIKE1	FALSE	92	44	T	0	0	1	0	0.34314931	4.02E-04	646	1102112	25228	27328	825	300	2	758	2499	4
4_1	SPIKE1	FALSE	92	55	A	0	1	0	0	0.305991232	3.23E-04	646	1102112	25248	16390	441	213	1	326	666	5
4_1	SPIKE1	FALSE	92	62	A	0	1	0	0	0.305991232	3.23E-04	646	1102112	25246	16706	445	215	2	340	4662	24
4_1	SPIKE1	FALSE	92	88	G	1	0	0	0	0.305991232	3.23E-04	646	1102112	25233	26524	741	286	1	518	1905	1
4_2	SPIKE1	FALSE	92	22	A	0	1	0	0	0.366969817	2.95E-04	724	1563512	28278	13389	389	196	1	263	3068	2
4_2	SPIKE1	FALSE	92	24	A	0	0	1	0	0.089658768	1.12E-04	724	1563512	28278	16661	491	89	1	183	3984	1
4_28	SPIKE1	FALSE	92	17	A	0	0	1	0	0.104569229	8.90E-05	617	1509573	24090	15553	472	148	1	178	428	0
4_28	SPIKE1	FALSE	92	20	A	0	1	0	0	0.397242226	2.96E-04	617	1509573	24093	15893	433	211	1	341	180	0
4_28	SPIKE1	FALSE	92	40	A	0	0	1	0	0.104569229	8.90E-05	617	1509573	24060	104172	3092	76	1	83	2430	1
4_3	SPIKE1	FALSE	92	49	A	0	1	0	0	0.653102833	2.74E-04	159	1188649	6215	16038	450	115	1	346	7797	9
4_3	SPIKE1	FALSE	92	68	A	0	0	1	0	0.256831619	7.76E-05	159	1188649	6212	18460	494	39	1	52	6313	252
4_3	SPIKE1	FALSE	92	70	A	0	0	1	0	0.256831619	7.76E-05	159	1188649	6206	41946	1108	48	1	60	8160	849
4_4	SPIKE1	FALSE	92	15	A	0	1	0	0	0.190120436	3.06E-04	709	618919	27736	4210	113	73	1	82	869	3
4_4	SPIKE1	FALSE	92	51	T	0	0	1	0	0.220730571	3.92E-04	709	618919	27682	31361	889	93	1	126	9	0
4_4	SPIKE1	FALSE	92	68	A	0	0	1	0	0.03964969	1.31E-04	709	618919	27694	5918	159	18	1	19	5	0
4_4	SPIKE1	FALSE	92	84	A	0	0	1	0	0.03964969	1.31E-04	709	618919	27666	7014	192	15	1	15	372	2
4_4	SPIKE1	FALSE	92	88	G	1	0	0	0	0.190120436	3.06E-04	709	618919	27722	15996	454	209	1	310	1938	1
4_5	SPIKE1	FALSE	92	10	A	0	0	1	0	0.062207145	1.13E-04	706	1050144	27578	12630	357	85	1	93	10	0
4_5	SPIKE1	FALSE	92	12	A	0	1	0	0	0.286063504	3.56E-04	706	1050144	27575	7917	210	136	1	163	479	0
4_5	SPIKE1	FALSE	92	20	A	0	1	0	0	0.286063504	3.56E-04	706	1050144	27577	14469	387	183	1	308	1160	2
4_5	SPIKE1	FALSE	92	22	A	0	1	0	0	0.286063504	3.56E-04	706	1050144	27569	12905	371	148	1	297	1962	0
4_5	SPIKE1	FALSE	92	25	T	0	0	1	0	0.315933955	3.76E-04	706	1050144	27573	9448	272	133	1	166	150	0
4_5	SPIKE1	FALSE	92	34	A	0	1	0	0	0.286063504	3.56E-04	706	1050144	27565	13299	396	201	1	286	512	1
4_5	SPIKE1	FALSE	92	43	A	0	1	0	0	0.286063504	3.56E-04	706	1050144	27566	15641	467	237	2	376	3344	5
4_5	SPIKE1	FALSE	92	49	A	0	1	0	0	0.286063504	3.56E-04	706	1050144	27569	16304	450	236	1	352	1040	4
4_5	SPIKE1	FALSE	92	56	C	0	0	0	1	0.315933955	3.76E-04	706	1050144	27582	18827	494	279	1	465	80	0
4_5	SPIKE1	FALSE	92	57	G	1	0	0	0	0.286063504	3.56E-04	706	1050144	27584	8178	228	139	1	190	2031	8
4_5	SPIKE1	FALSE	92	73	T	0	0	1	0	0.315933955	3.76E-04	706	1050144	27532	55934	1485	211	1	318	196	0
5_12	SPIKE1	FALSE	92	38	G	1	0	0	0	0.196257904	3.19E-04	139	257530	5462	3468	107	29	1	101	5	0
5_13	SPIKE1	FALSE	92	20	A	0	1	0	0	0.35044397	3.43E-04	297	1341987	11694	30236	830	106	1	701	9	0
5_13	SPIKE1	FALSE	92	36	C	0	0	0	1	0.359304433	4.10E-04	297	1341987	11637	19286	603	118	2	479	4569	6
5_13	SPIKE1	FALSE	92	38	G	1	0	0	0	0.35044397	3.43E-04	297	1341987	11658	17004	528	114	1	487	9181	8
5_13	SPIKE1	FALSE	92	40	A	0	0	1	0	0.138591956	7.73E-05	297	1341987	11668	26609	820	58	1	83	6	0
5_15	SPIKE1	FALSE	92	20	A	0	1	0	0	0.15220092	4.93E-04	219	260190	8650	3395	92	32	1	66	4923	2
5_15	SPIKE1	FALSE	92	38	G	1	0	0	0	0.15220092	4.93E-04	219	260190	8594	4723	146	39	1	144	7	0
5_28	SPIKE1	FALSE	92	40	A	0	0	1	0	0.326064314	9.16E-05	267	3423330	10404	488725	14897	119	1	236	14598	13
6_18	SPIKE1	FALSE	92	54	T	0	0	1	0	0.446252357	4.25E-04	1322	5389785	52010	79618	2160	578	1	1865	1600	16
6_18	SPIKE1	FALSE	92	82	A	0	1	0	0	0.429997617	3.75E-04	1322	5389785	51888	113535	3385	532	1	2594	9427	118
6_19	SPIKE1	FALSE	92	43	A	0	1	0	0	0.476830797	3.53E-04	1258	6125919	49425	109963	3401	656	1	2741	8122	57
6_19	SPIKE1	FALSE	92	61	A	0	1	0	0	0.476830797	3.53E-04	1258	6125919	49420	330865	8853	633	1	7876	9649	83
6_19	SPIKE1	FALSE	92	82	A	0	1	0	0	0.476830797	3.53E-04	1258	6125919	49346	74220	2246	569	1	1460	8	0
6_19	SPIKE1	FALSE	92	85	A	0	0	1	0	0.147294192	4.84E-05	1258	6125919	49403	66881	1814	220	1	280	5	0
6_19	SPIKE1	FALSE	92	87	T	0	0	1	0	0.500669723	4.23E-04	1258	6125919	49488	79213	2163	608	1	1663	2734	37
6_20	SPIKE1	FALSE	92	17	A	0	0	1	0	0.12179505	4.68E-05	1211	4758511	47623	85868	2656	462	1	959	4662	18
6_20	SPIKE1	FALSE	92	40	T	0	0	1	0	0.443757513	4.42E-04	1211	4758511	47560	105001	3179	615	1	2810	8	0
6_20	SPIKE1	FALSE	92	54	A	0	0	1	0	0.12179505	4.68E-05	1211	4758511	47646	111819	2962	196	1	251	8703	1228
6_20	SPIKE1	FALSE	92	85	A	0	0	1	0	0.12179505	4.68E-05	1211	4758511	47571	69016	1862	229	1	310	9245	316
6_20	SPIKE1	FALSE	92	90	A	0	1	0	0	0.421152008	3.38E-04	1211	4758511	47674	64970	1751	511	1	1237	5173	67
6_21	SPIKE1	FALSE	92	70	A	0	0	1	0	0.111877431	5.49E-05	1563	5881948	61536	93872	2498	160	1	188	12290	745
6_21	SPIKE1	FALSE	92	81	G	1	0	0	0	0.368958002	3.38E-04	1563	5881948	61493	72682	1971	607	1	1730	5463	58
6_21	SPIKE1	FALSE	92	90	A	0	1	0	0	0.368958002	3.38E-04	1563	5881948	61701	78598	2132	582	1	1616	5	0
6_22	SPIKE1	FALSE	92	17	A	0	0	1	0	0.042057251	4.66E-05	1515	1673493	59664	27243	839	240	1	324	6	0
6_22	SPIKE1	FALSE	92	22	A	0	1	0	0	0.211456081	3.59E-04	1515	1673493	59593	24086	696	295	1	487	937	4
6_22	SPIKE1	FALSE	92	40	A	0	0	1	0	0.042057251	4.66E-05	1515	1673493	59544	35593	1079	105	1	122	5	0
6_22	SPIKE1	FALSE	92	43	A	0	1	0	0	0.211456081	3.59E-04	1515	1673493	59579	24751	766	378	1	602	5	0
6_22	SPIKE1	FALSE	92	49	A	0	1	0	0	0.211456081	3.59E-04	1515	1673493	59675	32060	905	395	1	683	350	2
6_22	SPIKE1	FALSE	92	70	A	0	0	1	0	0.042057251	4.66E-05	1515	1673493	59679	17140	458	44	1	44	7	0
6_28	SPIKE1	FALSE	92	40	A	0	0	1	0	0.167467084	9.01E-05	435	3033059	17091	457118	13562	121	1	245	12610	8
7_28	SPIKE1	FALSE	92	17	A	0	0	1	0	0.246775508	3.38E-04	713	924711	27878	32045	936	91	1	105	313	1
7_28	SPIKE1	FALSE	92	20	A	0	1	0	0	0.309403771	3.77E-04	713	924711	27890	21716	612	220	1	314	132	0
7_28	SPIKE1	FALSE	92	40	A	0	0	1	0	0.246775508	3.38E-04	713	924711	27856	74333	2202	103	1	115	1642	2
7_7	SPIKE1	FALSE	92	15	A	0	1	0	0	0.146821947	3.50E-04	293	1881542	11589	34870	990	42	1	398	5	0
7_8	SPIKE1	FALSE	92	15	A	0	1	0	0	0.226385623	3.21E-04	203	1097699	8009	20526	594	43	2	248	146	0
7_9	SPIKE1	FALSE	92	22	A	0	1	0	0	0.081995607	3.30E-04	240	1553810	9511	41200	1171	20	1	526	5	0
7_9	SPIKE1	FALSE	92	26	A	0	0	0	1	0.073637304	1.22E-04	240	1553810	9527	26847	732	17	1	119	50	0
7_9	SPIKE1	FALSE	92	48	A	0	0	1	0	0.082319048	3.04E-04	240	1553810	9519	45815	1414	19	1	509	8	0
7_9	SPIKE1	FALSE	92	68	A	0	0	1	0	0.082319048	3.04E-04	240	1553810	9423	58700	1913	23	1	1010	18	0
7_9	SPIKE1	FALSE	92	73	T	0	0	1	0	0.086713666	4.84E-04	240	1553810	9493	57615	1727	19	1	488	47	0
7_9	SPIKE1	FALSE	92	82	T	0	1	0	0	0.076324031	2.08E-04	240	1553810	9407	85700	2776	23	1	855	25	0